23938
47878
33498
13628
61891
43927
33898
9931
5707
47264
46171
22692
46828
55609
29033
34949
50372
2243
7573
19218
54128
64008
16022
31793
53468
37316
53262
62302
10860
29407
6107
60466
54292
45912
52904
55949
59936
6249
45949
4503
39335
40609
5760
39571
49077
16348
45518
22301
14565
51596
23947
30695
13321
39353
6652
63392
24501
29933
20101
6053
27933
37643
27180
25559
59527
63748
45299
64078
43261
14870
35915
21890
17435
36973
15176
41305
51263
43890
1081
22631
5355
42401
50291
3110
10100
56555
55097
31682
38693
15226
10596
34570
55321
13239
65503
53521
5495
58737
33357
40312
758
46045
48331
22350
47132
59529
12976
24204
57076
48845
44019
62473
28914
35348
63097
2430
12492
18314
28509
9727
42126
17858
19902
42412
47400
6899
35689
12038
30079
41142
36829
92
20494
23292
18990
36225
17476
37772
32273
2135
44464
37868
45690
49076
2992
4479
25790
34295
2560
58093
3176
30104
48816
1834
47621
48226
52627
32132
196
34838
45485
18319
44898
38639
34758
35269
7056
18125
26377
16981
23402
41980
16160
40784
23903
61375
52076
2682
63461
17598
64106
31078
37496
28293
3044
10458
12248
10172
4606
23225
23003
54010
46337
62028
41029
23042
29239
25521
8603
18798
46966
40255
32173
63832
30997
42058
57661
49358
17404
7947
51101
55263
33386
728
1521
54621
11608
60778
37580
12289
34625
10557
55278
2281
42210
7365
47517
56718
28209
35439
39735
52108
45801
63566
45572
28513
52195
14930
53656
23154
49593
7449
24361
51978
56323
49731
20135
1078
61253
21913
29749
2617
27714
21734
16897
62649
40607
61259
25914
45035
19532
50167
63278
17568
61384
2151
61982
20908
38587
25426
52687
43726
22913
24538
3817
22358
53357
37981
55304
55426
40493
34299
19438
33319
27857
3465
41032
15102
47585
59546
59313
33310
48907
4511
53980
38866
13629
6523
25465
65262
49410
45823
60161
47923
32172
55886
51945
8193
25272
61215
36422
14841
33043
60846
56874
52560
17792
59087
62600
6962
53291
26828
62823
39184
57328
47144
38358
5985
63474
17856
50090
32891
2221
34600
23289
64968
38916
17061
5734
30771
53090
4695
47234
47733
63669
44554
20022
1786
23677
51456
28556
27090
35152
40266
38037
2007
18840
47315
10898
57596
48074
11741
49578
2766
34202
53510
53271
5163
10436
57020
31836
45504
24814
59710
12277
52952
50119
50004
24135
54578
53101
45788
41862
17281
11505
19901
52312
13047
18135
15220
21525
4909
55958
45602
50206
59139
57836
61330
7741
36621
60049
29063
5387
62697
39300
7431
29721
8426
59436
28272
23620
46792
30278
52328
13182
63788
47347
2564
41146
7328
38607
27010
8347
23477
12249
11444
40098
17761
51041
6867
39092
9949
31600
51593
39047
8482
12679
55408
7125
31294
49456
24467
15248
31319
23337
19140
32699
46377
48380
14624
56249
63990
17929
14887
63809
24306
10617
44227
43025
30934
434
57397
44314
60773
2758
28738
32317
14029
27440
48215
9128
51221
45762
8691
23507
24132
10041
42234
53037
22878
31468
35115
9044
37197
7317
44888
52911
30782
48507
45754
56274
7038
54759
12245
15178
63594
35915
64161
43391
51714
15145
34121
39118
47162
431
18558
31939
22974
1147
39376
30165
5722
52310
16457
56468
57713
8478
994
58050
21330
50371
60786
16415
39967
3765
31448
10825
1363
61452
31354
8975
65103
50725
57881
8560
28397
20700
56198
24306
3782
29865
34461
30772
15235
19707
61080
23445
37345
45316
19070
44856
57000
15046
30821
22354
46258
15829
25273
47659
38344
57181
37107
24487
35705
45947
64362
57800
54717
17277
34679
37268
58668
40212
36631
11181
49197
19011
292
57489
44057
44413
64993
26966
5854
57926
6878
61996
18910
45666
31135
4864
1365
32473
41465
37765
19262
54465
11336
15954
877
50261
3206
60746
52880
34677
5673
21496
1475
63418
46552
57837
7628
15781
465
41620
11031
53009
2091
61730
13184
42029
37805
37055
6155
46426
43185
37619
53276
41572
27575
64240
15575
29161
28520
15342
13162
55247
1986
15750
21221
26758
61551
9019
33838
42401
38197
34378
31324
21686
41168
29347
28201
5150
10579
19502
33315
30706
11500
49105
34057
3397
59207
14103
3791
44990
27391
36185
35078
30532
29607
21739
34701
52707
28778
6476
49199
45746
46377
13396
59905
55871
46265
61031
13730
57738
19105
24782
59551
39654
55700
33827
54848
9550
20129
50934
255
56468
41740
47411
4234
46064
63816
47949
35375
31390
59389
6968
54207
15445
28939
47298
5380
4845
50797
48566
34925
38028
41881
28608
56046
42920
13349
55702
58107
5394
20513
27046
25042
11676
6118
36278
16117
21957
33935
22473
60892
11149
29700
57444
34837
14936
44948
8317
54384
7154
53053
37042
37959
23905
4481
57271
17804
14288
62743
24075
14393
62050
50783
23628
43852
44726
23334
11134
20004
10339
56244
58846
20835
5386
62708
52112
23785
61431
58597
10995
41151
65322
1144
20640
35756
51395
18743
23004
56741
21785
33113
29988
5246
58347
5833
51788
245
59305
1375
3663
30416
31219
32267
32985
63349
13676
51406
33505
16572
44020
14746
6340
19517
6869
7581
61237
25686
43328
3711
953
1460
24150
1211
63178
46231
7117
16688
39530
18102
42589
60617
17120
21396
3840
21469
11325
6084
27779
26127
21738
37398
40372
41694
5991
38504
61010
39822
41696
65217
46487
31830
63012
43820
61809
44388
60091
10586
10038
8284
6394
20667
28182
40185
18855
60654
2897
44851
55599
26919
55312
22437
60084
59852
16212
27515
51670
6229
52184
37055
4111
13995
23566
56904
28969
40210
23138
34883
53520
13930
4859
23452
65287
44121
2988
36752
9888
60991
20420
7598
26843
25789
62785
6623
50891
11839
54474
44523
28218
2574
61231
27242
57215
23705
19154
39613
19700
56229
1834
32387
63435
47607
58678
35164
22146
33258
52935
42479
7706
33744
52522
35666
11239
49676
1832
22620
4424
28575
32760
16238
8337
24824
31086
15042
16771
38999
11596
44621
10171
24828
32972
62457
23901
7553
60378
691
47970
4019
59418
25575
40575
25039
19482
13919
24276
44070
16953
3334
12504
3372
27083
35864
47707
50994
53680
1059
56909
46203
7803
14354
53415
58027
26952
34457
41011
20377
24659
59382
31194
15815
27800
27498
55069
29785
10707
62495
9068
12231
15551
65529
45258
41850
32850
58340
53060
60408
